0122
0006
1111
2222
3333
4444
5555
6666
0122
0006
1111
2222
3333
4444
5555
6666
0122
0006
1111
2222
3333
4444
5555
6666
0122
0006
1111
2222
3333
4444
5555
6666
0122
0006
1111
2222
3333
4444
5555
6666
0122
0006
1111
2222
3333
4444
5555
6666
0122
0006
1111
2222
3333
4444
5555
6666
0122
0006
1111
2222
3333
4444
5555
6666
0122
0006
1111
2222
3333
4444
5555
6666
0122
0006
1111
2222
3333
4444
5555
6666
0122
0006
1111
2222
3333
4444
5555
6666
0122
0006
1111
2222
3333
4444
5555
6666
0122
0006
1111
2222
3333
4444
5555
6666
0122
0006
1111
2222
3333
4444
5555
6666
